00100100000000100000000000000100
00111100000000010001000000000001
00110100001001000000000000000000
00100100000000100000000000000101
00000000010000001000100000100000
00100100000000100000000000000100
00111100000000010001000000000001
00110100001001000000000000011010
00100100000000100000000000000101
00000000010000001001000000100000
00000010001100101000000000100000
00100100000000100000000000000100
00111100000000010001000000000001
00110100001001000000000000110100
00100100000000100000000000000001
00000010000000000010000000100000
