00111100000000010001000000000001
00110100001100010000000001100100
00111100000000010001000000000001
00110100001100100000000010000100
00111100000000010001000000000001
00110100001100110000000010100100
00100000000101000000000000000000
00001000000100000000000000001011
00100100000000100000000000000100
00111100000000010001000000000001
00110100001001000000000000101110
00100100000000100000000000000100
00111100000000010001000000000001
00110100001001000000000000000000
00100100000000100000000000000101
00000000010000001000000000100000
00101010000000010000000000000001
00010100001000001111111111110110
00100000000000010000000000001000
00000000001100000000100000101010
00010100001000001111111111110011
00100100000000100000000000000100
00111100000000010001000000000001
00110100001001000000000000111111
00100100000000100000000000000001
00100010100001000000000000000000
00100100000000100000000000000100
00111100000000010001000000000001
00110100001001000000000001011101
00100100000000100000000000000101
00000000010000000101000000100000
00000010100101000100100000100000
00000001001010010100100000100000
00000001001100010100100000100000
10101101001010100000000000000000
00100010100101000000000000000001
00000010100100000000100000101010
00010100001000001111111111101111
00100000000101000000000000000000
00100100000000100000000000000100
00111100000000010001000000000001
00110100001001000000000001001001
00100100000000100000000000000001
00100010100001000000000000000000
00100100000000100000000000000100
00111100000000010001000000000001
00110100001001000000000001011101
00100100000000100000000000000101
00000000010000000101000000100000
00000010100101000100100000100000
00000001001010010100100000100000
00000001001100100100100000100000
10101101001010100000000000000000
00100010100101000000000000000001
00000010100100000000100000101010
00010100001000001111111111101111
00100000000101000000000000000000
00000010100101000100100000100000
00000001001010010100100000100000
00000001001100010100100000100000
10001101001011000000000000000000
00000010100101000100100000100000
00000001001010010100100000100000
00000001001100100100100000100000
10001101001010110000000000000000
00000001011011000000100000101010
00010100001000000000000000011010
00000010100101000100100000100000
00000001001010010100100000100000
00000001001100110100100000100000
10101101001010110000000000000000
00100010100101000000000000000001
00000010100100000000100000101010
00010100001000001111111111101111
00100000000101000000000000000000
00000010100101000100100000100000
00000001001010010100100000100000
00000001001100110100100000100000
10001101001011000000000000000000
00100100000000100000000000000100
00111100000000010001000000000001
00110100001001000000000001010011
00100100000000100000000000000001
00100010100001000000000000000000
00100100000000100000000000000100
00111100000000010001000000000001
00110100001001000000000001011101
00100100000000100000000000000001
00100001100001000000000000000000
00100010100101000000000000000001
00000010100100000000100000101010
00010100001000001111111111101111
00001000000100000000000001100011
00000010100101000100100000100000
00000001001010010100100000100000
00000001001100110100100000100000
10101101001011000000000000000000
00100010100101000000000000000001
00001000000100000000000000111001
00000000000000000000000000000000
